2213
1	35	30	75	80	0.00053728
2	34	29	74	79	0.00055531
3	36	31	76	81	0.0006148
4	36	30	78	84	0.00065839
5	35	29	77	83	0.00065961
6	34	30	66	70	0.00069584
7	37	32	77	82	0.00069733
8	38	33	78	83	0.0007623
9	35	31	67	71	0.00082865
10	33	29	65	69	0.00086196
11	35	30	70	75	0.00086767
12	36	31	71	76	0.00089002
13	34	29	69	74	0.00089799
14	36	32	68	72	0.0009629
15	11	6	51	56	0.001039
16	11	6	51	56	0.001039
17	37	32	72	77	0.0010735
18	37	33	69	73	0.0010773
19	6	1	46	51	0.0010838
20	6	1	46	51	0.0010838
21	9	4	49	54	0.0011022
22	9	4	49	54	0.0011022
23	8	3	48	53	0.0011214
24	8	3	48	53	0.0011214
25	7	2	47	52	0.0011607
26	7	2	47	52	0.0011607
27	38	34	70	74	0.0011645
28	38	33	73	78	0.0011839
29	34	30	62	66	0.0012192
30	40	36	72	76	0.0012339
31	41	37	73	77	0.001281
32	35	31	63	67	0.001313
33	42	38	74	78	0.0013441
34	8	2	50	56	0.0013534
35	8	2	50	56	0.0013534
36	40	35	75	80	0.0013539
37	34	31	58	61	0.0013874
38	33	30	57	60	0.0014012
39	41	36	76	81	0.0014117
40	36	32	64	68	0.0014431
41	33	29	61	65	0.0014757
42	42	37	77	82	0.0014798
43	6	3	30	33	0.0015121
44	6	3	30	33	0.0015121
45	35	32	59	62	0.0016302
46	45	41	77	81	0.0016412
47	37	33	65	69	0.0016628
48	43	38	78	83	0.0016659
49	6	2	38	42	0.0016709
50	6	2	38	42	0.0016709
51	44	40	76	80	0.001691
52	7	4	31	34	0.0017077
53	7	4	31	34	0.0017077
54	5	1	37	41	0.0017421
55	5	1	37	41	0.0017421
56	48	44	80	84	0.0017625
57	47	43	79	83	0.0018074
58	46	42	78	82	0.0018305
59	38	34	66	70	0.0018546
60	20	16	52	56	0.001871
61	20	16	52	56	0.001871
62	16	11	51	56	0.0018973
63	16	11	51	56	0.0018973
64	36	33	60	63	0.0018987
65	41	38	65	68	0.0019169
66	7	3	39	43	0.0019279
67	7	3	39	43	0.0019279
68	41	37	69	73	0.0019319
69	13	8	48	53	0.0019345
70	13	8	48	53	0.0019345
71	40	37	64	67	0.0019535
72	32	29	56	59	0.0019565
73	14	10	46	50	0.0019577
74	14	10	46	50	0.0019577
75	12	7	47	52	0.0019761
76	12	7	47	52	0.0019761
77	5	2	29	32	0.0019772
78	5	2	29	32	0.0019772
79	14	9	49	54	0.0019829
80	14	9	49	54	0.0019829
81	42	38	70	74	0.0019968
82	8	4	40	44	0.0019987
83	8	4	40	44	0.0019987
84	8	5	32	35	0.0019999
85	8	5	32	35	0.0019999
86	15	11	47	51	0.0020083
87	15	11	47	51	0.0020083
88	40	36	68	72	0.0020147
89	37	34	61	64	0.002047
90	38	35	62	65	0.0020649
91	8	3	43	48	0.0020967
92	8	3	43	48	0.0020967
93	11	6	46	51	0.0021335
94	11	6	46	51	0.0021335
95	18	14	50	54	0.0021444
96	18	14	50	54	0.0021444
97	9	5	41	45	0.0021617
98	9	5	41	45	0.0021617
99	9	4	44	49	0.0021777
100	9	4	44	49	0.0021777
101	16	12	48	52	0.0021948
102	16	12	48	52	0.0021948
103	34	30	58	62	0.0022138
104	17	13	49	53	0.0022176
105	17	13	49	53	0.0022176
106	24	20	52	56	0.0022347
107	24	20	52	56	0.0022347
108	12	8	44	48	0.0022711
109	12	8	44	48	0.0022711
110	13	9	45	49	0.0022782
111	13	9	45	49	0.0022782
112	9	6	30	33	0.0022896
113	9	6	30	33	0.0022896
114	46	44	58	60	0.002321
115	11	7	43	47	0.0023426
116	11	7	43	47	0.0023426
117	44	40	72	76	0.0023561
118	45	42	69	72	0.0023652
119	35	31	59	63	0.0023889
120	10	5	45	50	0.002402
121	10	5	45	50	0.002402
122	45	41	73	77	0.0024162
123	9	6	33	36	0.0024534
124	9	6	33	36	0.0024534
125	7	2	42	47	0.0024579
126	7	2	42	47	0.0024579
127	6	1	41	46	0.0024709
128	6	1	41	46	0.0024709
129	5	1	33	37	0.0024718
130	5	1	33	37	0.0024718
131	43	40	67	70	0.0025178
132	10	6	42	46	0.0025522
133	10	6	42	46	0.0025522
134	23	20	47	50	0.0025719
135	23	20	47	50	0.0025719
136	22	18	50	54	0.002594
137	22	18	50	54	0.002594
138	49	46	73	76	0.0026091
139	6	2	30	34	0.0026117
140	6	2	30	34	0.0026117
141	33	29	57	61	0.0026184
142	47	44	71	74	0.0026338
143	33	30	54	57	0.0026446
144	13	10	37	40	0.0026491
145	13	10	37	40	0.0026491
146	44	41	68	71	0.0026555
147	27	24	51	54	0.0026561
148	27	24	51	54	0.0026561
149	6	2	34	38	0.002663
150	6	2	34	38	0.002663
151	22	19	46	49	0.0026844
152	22	19	46	49	0.0026844
153	9	5	37	41	0.0026903
154	9	5	37	41	0.0026903
155	48	45	72	75	0.0027
156	7	3	35	39	0.0027264
157	7	3	35	39	0.0027264
158	36	33	57	60	0.0027308
159	8	4	36	40	0.0027455
160	8	4	36	40	0.0027455
161	47	43	75	79	0.0027516
162	14	12	30	32	0.0027537
163	14	12	30	32	0.0027537
164	50	47	74	77	0.0027597
165	24	21	48	51	0.0027598
166	24	21	48	51	0.0027598
167	50	46	78	82	0.002766
168	36	32	60	64	0.0027665
169	10	7	31	34	0.0027845
170	10	7	31	34	0.0027845
171	26	23	50	53	0.0028066
172	26	23	50	53	0.0028066
173	34	31	55	58	0.0028277
174	35	32	56	59	0.0028285
175	32	30	48	50	0.0028305
176	48	44	76	80	0.0028324
177	46	42	74	78	0.002839
178	10	7	34	37	0.0028579
179	10	7	34	37	0.0028579
180	7	3	31	35	0.0028733
181	7	3	31	35	0.0028733
182	49	45	77	81	0.0028752
183	14	11	38	41	0.0029066
184	14	11	38	41	0.0029066
185	10	6	38	42	0.0029474
186	10	6	38	42	0.0029474
187	32	30	48	50	0.0029474
188	32	30	48	50	0.0029474
189	32	29	53	56	0.0029983
190	32	29	53	56	0.0029983
191	12	9	36	39	0.0030031
192	12	9	36	39	0.0030031
193	37	33	61	65	0.0030067
194	4	1	28	31	0.0030067
195	4	1	28	31	0.0030067
196	8	5	29	32	0.0030415
197	8	5	29	32	0.0030415
198	41	38	62	65	0.0030846
199	41	37	65	69	0.003095
200	38	34	62	66	0.0030972
201	11	8	35	38	0.0031114
202	11	8	35	38	0.0031114
203	11	8	32	35	0.0031279
204	11	8	32	35	0.0031279
205	21	17	49	53	0.0031279
206	21	17	49	53	0.0031279
207	32	29	53	56	0.0031461
208	51	48	75	78	0.0031484
209	40	36	64	68	0.0031503
210	33	31	49	51	0.0031512
211	49	46	70	73	0.0031585
212	15	12	39	42	0.003171
213	15	12	39	42	0.003171
214	40	37	61	64	0.0031717
215	5	1	29	33	0.0031844
216	5	1	29	33	0.0031844
217	51	47	79	83	0.0032001
218	46	43	67	70	0.0032101
219	46	43	70	73	0.0032174
220	29	26	53	56	0.0032464
221	29	26	53	56	0.0032464
222	55	52	79	82	0.0032486
223	37	34	58	61	0.003249
224	33	31	49	51	0.00325
225	33	31	49	51	0.00325
226	52	48	80	84	0.0032709
227	54	51	78	81	0.0032751
228	11	7	39	43	0.0032863
229	11	7	39	43	0.0032863
230	5	3	21	23	0.0033139
231	5	3	21	23	0.0033139
232	8	4	32	36	0.0033171
233	8	4	32	36	0.0033171
234	45	42	66	69	0.003373
235	15	13	31	33	0.003428
236	15	13	31	33	0.003428
237	13	11	29	31	0.0034625
238	13	11	29	31	0.0034625
239	38	35	59	62	0.0034651
240	20	16	48	52	0.0034795
241	20	16	48	52	0.0034795
242	19	15	47	51	0.0034915
243	19	15	47	51	0.0034915
244	34	32	50	52	0.003501
245	13	9	41	45	0.0035034
246	13	9	41	45	0.0035034
247	44	41	65	68	0.0035043
248	42	38	66	70	0.0035609
249	43	40	64	67	0.0035951
250	34	32	50	52	0.003598
251	34	32	50	52	0.003598
252	12	8	40	44	0.003602
253	12	8	40	44	0.003602
254	73	72	81	82	0.0036068
255	48	46	64	66	0.0036116
256	18	14	46	50	0.003669
257	18	14	46	50	0.003669
258	31	29	47	49	0.0036698
259	31	29	47	49	0.0036698
260	49	47	65	67	0.0036807
261	56	53	80	83	0.0036921
262	7	5	23	25	0.0036973
263	7	5	23	25	0.0036973
264	72	71	80	81	0.0037054
265	6	4	22	24	0.0037121
266	6	4	22	24	0.0037121
267	45	43	61	63	0.00372
268	45	41	69	73	0.0037453
269	35	33	51	53	0.0037477
270	35	33	51	53	0.0037477
271	16	14	32	34	0.0037956
272	16	14	32	34	0.0037956
273	33	30	51	54	0.0038003
274	33	30	51	54	0.0038003
275	21	18	45	48	0.0038138
276	21	18	45	48	0.0038138
277	13	10	34	37	0.0038343
278	13	10	34	37	0.0038343
279	13	10	31	34	0.0038533
280	13	10	31	34	0.0038533
281	34	31	52	55	0.0038594
282	4	2	20	22	0.0038729
283	4	2	20	22	0.0038729
284	22	21	30	31	0.0038786
285	22	21	30	31	0.0038786
286	24	23	32	33	0.0038835
287	24	23	32	33	0.0038835
288	35	33	51	53	0.00389
289	33	30	51	54	0.0038919
290	25	22	46	49	0.003908
291	25	22	46	49	0.003908
292	33	31	47	49	0.0039127
293	15	11	43	47	0.0039141
294	15	11	43	47	0.0039141
295	44	40	68	72	0.0039236
296	31	30	39	40	0.0039253
297	31	30	39	40	0.0039253
298	9	5	33	37	0.0039366
299	9	5	33	37	0.0039366
300	12	9	30	33	0.0039384
301	12	9	30	33	0.0039384
302	50	47	71	74	0.0039483
303	36	34	52	54	0.0039505
304	36	34	52	54	0.0039505
305	52	49	76	79	0.0039515
306	53	50	77	80	0.0039581
307	33	31	47	49	0.0039788
308	33	31	47	49	0.0039788
309	12	9	33	36	0.003985
310	12	9	33	36	0.003985
311	48	45	69	72	0.0039942
312	14	10	42	46	0.0040027
313	14	10	42	46	0.0040027
314	16	12	44	48	0.0040062
315	16	12	44	48	0.0040062
316	32	30	46	48	0.0040218
317	32	30	46	48	0.0040218
318	48	44	72	76	0.0040225
319	3	1	19	21	0.0040314
320	3	1	19	21	0.0040314
321	7	4	28	31	0.0040333
322	7	4	28	31	0.0040333
323	26	23	47	50	0.0040477
324	26	23	47	50	0.0040477
325	22	20	38	40	0.0040718
326	22	20	38	40	0.0040718
327	57	54	81	84	0.0040733
328	47	43	71	75	0.0040768
329	50	46	74	78	0.0041388
330	50	48	66	68	0.0041573
331	23	19	47	51	0.0041797
332	23	19	47	51	0.0041797
333	8	6	24	26	0.0042025
334	8	6	24	26	0.0042025
335	23	21	39	41	0.0042073
336	23	21	39	41	0.0042073
337	26	22	50	54	0.0042171
338	26	22	50	54	0.0042171
339	31	29	47	49	0.0042201
340	75	74	83	84	0.0042381
341	47	44	68	71	0.0042471
342	42	40	58	60	0.0042502
343	17	13	45	49	0.004301
344	17	13	45	49	0.004301
345	24	20	48	52	0.0043064
346	24	20	48	52	0.0043064
347	9	7	25	27	0.0043098
348	9	7	25	27	0.0043098
349	36	34	52	54	0.0043235
350	17	15	33	35	0.0043278
351	17	15	33	35	0.0043278
352	49	45	73	77	0.0043399
353	16	13	40	43	0.0044021
354	16	13	40	43	0.0044021
355	54	51	75	78	0.0044199
356	12	8	36	40	0.0044227
357	12	8	36	40	0.0044227
358	13	9	37	41	0.0044266
359	13	9	37	41	0.0044266
360	17	14	41	44	0.0044393
361	17	14	41	44	0.0044393
362	54	52	70	72	0.0044413
363	66	64	82	84	0.0044654
364	64	62	80	82	0.0044692
365	28	24	52	56	0.0044917
366	28	24	52	56	0.0044917
367	73	72	80	81	0.0045075
368	24	22	40	42	0.0045091
369	24	22	40	42	0.0045091
370	5	2	26	29	0.0045116
371	5	2	26	29	0.0045116
372	22	18	46	50	0.0045153
373	22	18	46	50	0.0045153
374	44	42	60	62	0.0045453
375	19	16	43	46	0.004551
376	19	16	43	46	0.004551
377	71	70	79	80	0.0045519
378	10	6	34	38	0.0045528
379	10	6	34	38	0.0045528
380	6	3	27	30	0.0045592
381	6	3	27	30	0.0045592
382	40	38	56	58	0.0045781
383	51	48	72	75	0.0045793
384	67	66	75	76	0.00458
385	53	50	74	77	0.004581
386	5	3	19	21	0.0045846
387	5	3	19	21	0.0045846
388	32	30	46	48	0.0045879
389	21	19	37	39	0.0045934
390	21	19	37	39	0.0045934
391	46	44	62	64	0.0045968
392	51	47	75	79	0.0046054
393	23	22	31	32	0.0046167
394	23	22	31	32	0.0046167
395	20	17	44	47	0.004619
396	20	17	44	47	0.004619
397	46	42	70	74	0.0046289
398	4	1	25	28	0.0046329
399	4	1	25	28	0.0046329
400	14	11	35	38	0.0046372
401	14	11	35	38	0.0046372
402	25	21	49	53	0.0046423
403	25	21	49	53	0.0046423
404	16	14	30	32	0.0046461
405	16	14	30	32	0.0046461
406	18	15	42	45	0.0046705
407	18	15	42	45	0.0046705
408	27	24	48	51	0.0046718
409	27	24	48	51	0.0046718
410	30	27	51	54	0.0047019
411	30	27	51	54	0.0047019
412	31	30	39	40	0.0047145
413	32	31	40	41	0.0047382
414	65	63	81	83	0.0047436
415	55	53	71	73	0.0047505
416	12	11	20	21	0.0047604
417	12	11	20	21	0.0047604
418	69	68	77	78	0.0047614
419	34	32	48	50	0.0047668
420	74	73	82	83	0.0047916
421	43	41	59	61	0.0048013
422	47	45	63	65	0.004804
423	14	10	38	42	0.0048127
424	14	10	38	42	0.0048127
425	59	57	75	77	0.0048137
426	14	11	32	35	0.0048193
427	14	11	32	35	0.0048193
428	15	12	36	39	0.0048198
429	15	12	36	39	0.0048198
430	35	32	53	56	0.0048305
431	35	32	53	56	0.0048305
432	17	15	31	33	0.0048436
433	17	15	31	33	0.0048436
434	11	7	35	39	0.0048563
435	11	7	35	39	0.0048563
436	6	4	20	22	0.0048963
437	6	4	20	22	0.0048963
438	35	32	53	56	0.0049001
439	32	29	50	53	0.0049189
440	32	29	50	53	0.0049189
441	34	32	48	50	0.0049292
442	34	32	48	50	0.0049292
443	10	8	26	28	0.0049404
444	10	8	26	28	0.0049404
445	24	23	31	32	0.0049593
446	24	23	31	32	0.0049593
447	17	14	38	41	0.0049656
448	17	14	38	41	0.0049656
449	52	49	73	76	0.004966
450	59	56	80	83	0.0050048
451	53	51	69	71	0.0050181
452	51	49	67	69	0.0050328
453	60	57	81	84	0.0050367
454	70	69	78	79	0.0050475
455	32	31	40	41	0.005048
456	32	31	40	41	0.005048
457	27	25	43	45	0.0050514
458	27	25	43	45	0.0050514
459	22	19	43	46	0.005059
460	22	19	43	46	0.005059
461	63	61	79	81	0.005065
462	24	21	45	48	0.0050705
463	24	21	45	48	0.0050705
464	38	36	54	56	0.0050748
465	38	36	54	56	0.0050748
466	60	58	76	78	0.0050833
467	11	8	29	32	0.0050851
468	11	8	29	32	0.0050851
469	58	56	74	76	0.0051048
470	9	7	23	25	0.0051391
471	9	7	23	25	0.0051391
472	37	35	53	55	0.0051412
473	32	29	50	53	0.005145
474	20	18	36	38	0.005174
475	20	18	36	38	0.005174
476	16	13	37	40	0.0052014
477	16	13	37	40	0.0052014
478	40	37	58	61	0.0052079
479	68	66	82	84	0.0052203
480	55	51	79	83	0.005234
481	76	75	83	84	0.0052416
482	67	65	81	83	0.0052458
483	54	50	78	82	0.0052511
484	38	36	54	56	0.0052831
485	55	52	76	79	0.005294
486	45	42	63	66	0.0053162
487	29	26	50	53	0.0053232
488	29	26	50	53	0.0053232
489	48	46	62	64	0.0053261
490	41	38	59	62	0.005336
491	5	2	23	26	0.0053393
492	5	2	23	26	0.0053393
493	23	20	44	47	0.0053775
494	23	20	44	47	0.0053775
495	53	49	77	81	0.0053897
496	61	59	77	79	0.0054147
497	58	55	79	82	0.0054308
498	28	25	49	52	0.005445
499	28	25	49	52	0.005445
500	8	6	22	24	0.0054497
501	8	6	22	24	0.0054497
502	21	18	42	45	0.00545
503	21	18	42	45	0.00545
504	52	48	76	80	0.0054671
505	68	67	76	77	0.0054742
506	66	64	80	82	0.0055363
507	72	71	79	80	0.0055409
508	12	10	28	30	0.0055647
509	12	10	28	30	0.0055647
510	25	23	39	41	0.0055653
511	25	23	39	41	0.0055653
512	25	24	33	34	0.0055745
513	25	24	33	34	0.0055745
514	18	15	39	42	0.0055783
515	18	15	39	42	0.0055783
516	66	65	74	75	0.005594
517	7	5	21	23	0.0056044
518	7	5	21	23	0.0056044
519	49	47	63	65	0.0056311
520	6	3	24	27	0.0056483
521	6	3	24	27	0.0056483
522	36	33	54	57	0.0056616
523	15	11	39	43	0.0056668
524	15	11	39	43	0.0056668
525	56	52	80	84	0.0056695
526	30	28	46	48	0.0056793
527	30	28	46	48	0.0056793
528	45	43	59	61	0.0056796
529	56	53	77	80	0.0057351
530	74	73	81	82	0.0057565
531	75	74	82	83	0.005761
532	52	50	68	70	0.0057637
533	47	44	65	68	0.0057659
534	50	47	68	71	0.0057672
535	44	41	62	65	0.0058061
536	38	36	52	54	0.0058072
537	38	36	52	54	0.0058072
538	24	22	38	40	0.0058123
539	24	22	38	40	0.0058123
540	25	23	41	43	0.0058185
541	25	23	41	43	0.0058185
542	48	45	66	69	0.0058401
543	46	43	64	67	0.0058434
544	23	22	30	31	0.0058441
545	23	22	30	31	0.0058441
546	18	16	32	34	0.0058477
547	18	16	32	34	0.0058477
548	49	46	67	70	0.0058514
549	18	16	34	36	0.0058744
550	18	16	34	36	0.0058744
551	56	54	72	74	0.0058956
552	62	60	78	80	0.0059161
553	57	54	78	81	0.0059903
554	11	9	27	29	0.0059919
555	11	9	27	29	0.0059919
556	43	40	61	64	0.0059928
557	22	20	36	38	0.0060188
558	22	20	36	38	0.0060188
559	4	2	18	20	0.0060383
560	4	2	18	20	0.0060383
561	31	30	38	39	0.0060653
562	31	30	38	39	0.0060653
563	57	55	73	75	0.0060702
564	4	1	22	25	0.0061014
565	4	1	22	25	0.0061014
566	50	48	64	66	0.0061167
567	35	33	49	51	0.0061215
568	35	33	49	51	0.0061215
569	70	69	77	78	0.0061488
570	13	12	20	21	0.0061642
571	13	12	20	21	0.0061642
572	68	67	75	76	0.0061933
573	38	35	56	59	0.0062439
574	21	17	45	49	0.0062587
575	21	17	45	49	0.0062587
576	4	3	12	13	0.0062728
577	4	3	12	13	0.0062728
578	16	12	40	44	0.0062803
579	16	12	40	44	0.0062803
580	15	12	33	36	0.0062837
581	15	12	33	36	0.0062837
582	71	70	78	79	0.0062977
583	60	58	74	76	0.0062995
584	7	4	25	28	0.0063014
585	7	4	25	28	0.0063014
586	35	33	49	51	0.0063038
587	65	63	79	81	0.0063307
588	44	42	58	60	0.0063737
589	37	34	55	58	0.0064551
590	26	24	42	44	0.0064707
591	26	24	42	44	0.0064707
592	19	17	35	37	0.0064884
593	19	17	35	37	0.0064884
594	53	51	67	69	0.0065311
595	33	32	41	42	0.0065442
596	33	32	41	42	0.0065442
597	64	63	72	73	0.0065502
598	19	16	40	43	0.0065616
599	19	16	40	43	0.0065616
600	20	17	41	44	0.0065722
601	20	17	41	44	0.0065722
602	63	62	71	72	0.0065724
603	31	30	38	39	0.0065777
604	69	68	76	77	0.0065944
605	25	24	32	33	0.0066125
606	25	24	32	33	0.0066125
607	68	66	80	82	0.0066277
608	23	21	37	39	0.0066352
609	23	21	37	39	0.0066352
610	20	16	44	48	0.0066362
611	20	16	44	48	0.0066362
612	53	50	71	74	0.0066478
613	33	32	41	42	0.0066565
614	24	23	30	31	0.0066599
615	24	23	30	31	0.0066599
616	12	10	26	28	0.0066653
617	12	10	26	28	0.0066653
618	26	25	34	35	0.0066783
619	26	25	34	35	0.0066783
620	21	19	35	37	0.0066885
621	21	19	35	37	0.0066885
622	19	17	33	35	0.006692
623	19	17	33	35	0.006692
624	37	35	51	53	0.0066929
625	37	35	51	53	0.0066929
626	11	10	19	20	0.0066941
627	11	10	19	20	0.0066941
628	21	18	39	42	0.006697
629	21	18	39	42	0.006697
630	54	52	68	70	0.0067124
631	54	51	72	75	0.0067199
632	52	49	70	73	0.0067252
633	51	49	65	67	0.0067377
634	70	68	82	84	0.006744
635	31	28	49	52	0.0067494
636	31	28	49	52	0.0067494
637	67	66	74	75	0.0067605
638	32	31	39	40	0.0067874
639	32	31	39	40	0.0067874
640	69	67	81	83	0.0068147
641	10	8	24	26	0.0068398
642	10	8	24	26	0.0068398
643	61	59	75	77	0.0068457
644	40	38	54	56	0.006856
645	40	38	54	56	0.006856
646	15	13	29	31	0.006881
647	15	13	29	31	0.006881
648	17	13	41	45	0.0068814
649	17	13	41	45	0.0068814
650	10	7	28	31	0.0068878
651	10	7	28	31	0.0068878
652	32	31	39	40	0.0069167
653	40	38	54	56	0.0069201
654	52	50	66	68	0.0069261
655	20	18	34	36	0.0069724
656	20	18	34	36	0.0069724
657	64	62	78	80	0.0069897
658	73	72	79	80	0.0070177
659	8	5	26	29	0.0070624
660	8	5	26	29	0.0070624
661	59	57	73	75	0.0070704
662	47	45	61	63	0.0070713
663	51	48	69	72	0.0070798
664	11	9	25	27	0.0070875
665	11	9	25	27	0.0070875
666	34	32	46	48	0.0070953
667	34	32	46	48	0.0070953
668	21	19	33	35	0.0071063
669	21	19	33	35	0.0071063
670	19	15	43	47	0.0071124
671	19	15	43	47	0.0071124
672	20	18	32	34	0.0071564
673	20	18	32	34	0.0071564
674	75	74	81	82	0.0071601
675	43	41	57	59	0.0071758
676	36	34	50	52	0.0071849
677	8	6	20	22	0.0071913
678	8	6	20	22	0.0071913
679	59	58	67	68	0.0071991
680	67	65	79	81	0.0071999
681	61	58	79	82	0.0072236
682	9	6	27	30	0.00723
683	9	6	27	30	0.00723
684	36	34	50	52	0.0072541
685	36	34	50	52	0.0072541
686	65	64	73	74	0.0072567
687	13	11	27	29	0.0072947
688	13	11	27	29	0.0072947
689	55	52	73	76	0.007338
690	26	24	40	42	0.0073432
691	26	24	40	42	0.0073432
692	76	75	82	83	0.007407
693	7	5	19	21	0.007414
694	7	5	19	21	0.007414
695	38	36	52	54	0.0074142
696	58	56	72	74	0.0074243
697	24	21	42	45	0.0074447
698	24	21	42	45	0.0074447
699	18	16	30	32	0.0074533
700	18	16	30	32	0.0074533
701	28	26	44	46	0.0074536
702	28	26	44	46	0.0074536
703	57	55	71	73	0.0074551
704	63	61	77	79	0.0074687
705	74	73	80	81	0.0074852
706	22	19	40	43	0.0074916
707	22	19	40	43	0.0074916
708	60	57	78	81	0.0075365
709	37	35	51	53	0.0075998
710	77	76	83	84	0.0076057
711	31	29	45	47	0.0076259
712	31	29	45	47	0.0076259
713	29	26	47	50	0.0076424
714	29	26	47	50	0.0076424
715	20	17	38	41	0.007672
716	20	17	38	41	0.007672
717	62	59	80	83	0.0076847
718	58	57	66	67	0.0076922
719	31	29	43	45	0.0077303
720	31	29	43	45	0.0077303
721	69	68	75	76	0.0077328
722	63	60	81	84	0.0077397
723	42	40	56	58	0.0077526
724	62	60	76	78	0.0077829
725	16	13	34	37	0.0078255
726	16	13	34	37	0.0078255
727	19	17	31	33	0.0078259
728	19	17	31	33	0.0078259
729	55	53	69	71	0.0078435
730	25	22	43	46	0.0078475
731	25	22	43	46	0.0078475
732	26	25	33	34	0.007849
733	26	25	33	34	0.007849
734	9	7	21	23	0.0078532
735	9	7	21	23	0.0078532
736	56	53	74	77	0.0078971
737	71	70	77	78	0.0079073
738	23	20	41	44	0.00791
739	23	20	41	44	0.00791
740	30	29	38	39	0.0079158
741	30	29	38	39	0.0079158
742	18	14	42	46	0.0079337
743	18	14	42	46	0.0079337
744	28	25	46	49	0.0079538
745	28	25	46	49	0.0079538
746	21	20	29	30	0.0079628
747	21	20	29	30	0.0079628
748	13	12	21	22	0.007969
749	13	12	21	22	0.007969
750	72	71	78	79	0.007978
751	59	56	77	80	0.0079824
752	32	30	44	46	0.0080001
753	27	26	35	36	0.0080314
754	27	26	35	36	0.0080314
755	35	33	47	49	0.0080758
756	35	33	47	49	0.0080758
757	56	54	70	72	0.0081081
758	6	4	18	20	0.0081222
759	6	4	18	20	0.0081222
760	40	38	52	54	0.0081682
761	40	38	52	54	0.0081682
762	33	32	40	41	0.0081944
763	19	16	37	40	0.008206
764	19	16	37	40	0.008206
765	60	59	68	69	0.0082086
766	33	32	40	41	0.0082097
767	33	32	40	41	0.0082097
768	39	38	47	48	0.0082098
769	39	38	47	48	0.0082098
770	8	7	16	17	0.0082236
771	8	7	16	17	0.0082236
772	65	64	72	73	0.0082822
773	32	30	44	46	0.0082956
774	32	30	44	46	0.0082956
775	17	14	35	38	0.0082994
776	17	14	35	38	0.0082994
777	27	26	34	35	0.0083139
778	27	26	34	35	0.0083139
779	35	33	47	49	0.0083858
780	22	20	34	36	0.0083993
781	22	20	34	36	0.0083993
782	66	65	73	74	0.008422
783	48	46	60	62	0.0084912
784	57	54	75	78	0.0084952
785	14	12	28	30	0.0085388
786	14	12	28	30	0.0085388
787	49	47	61	63	0.0085659
788	34	32	46	48	0.008567
789	58	55	76	79	0.0086324
790	26	23	44	47	0.0086581
791	26	23	44	47	0.0086581
792	30	27	48	51	0.0086808
793	30	27	48	51	0.0086808
794	31	29	45	47	0.0086825
795	18	15	36	39	0.0086831
796	18	15	36	39	0.0086831
797	21	19	31	33	0.0087116
798	21	19	31	33	0.0087116
799	54	52	66	68	0.0087261
800	54	53	62	63	0.0087268
801	35	34	43	44	0.00879
802	35	34	43	44	0.00879
803	57	56	65	66	0.008807
804	70	69	76	77	0.0088379
805	24	22	36	38	0.0088395
806	24	22	36	38	0.0088395
807	64	63	71	72	0.0088451
808	70	68	80	82	0.0088646
809	72	70	82	84	0.0088693
810	11	9	23	25	0.0088696
811	11	9	23	25	0.0088696
812	59	57	71	73	0.0088705
813	61	60	69	70	0.0088902
814	5	4	13	14	0.0089095
815	5	4	13	14	0.0089095
816	66	64	78	80	0.0089115
817	47	46	55	56	0.0089242
818	45	43	57	59	0.0089428
819	22	20	32	34	0.0089695
820	22	20	32	34	0.0089695
821	31	30	37	38	0.0090266
822	27	24	45	48	0.0090443
823	27	24	45	48	0.0090443
824	5	4	12	13	0.0090532
825	5	4	12	13	0.0090532
826	13	11	25	27	0.0090566
827	13	11	25	27	0.0090566
828	45	44	53	54	0.0090767
829	45	44	53	54	0.0090767
830	29	27	43	45	0.0090861
831	29	27	43	45	0.0090861
832	53	51	65	67	0.0090922
833	31	30	37	38	0.0090974
834	31	30	37	38	0.0090974
835	41	40	49	50	0.0091018
836	41	40	49	50	0.0091018
837	27	25	39	41	0.0091071
838	27	25	39	41	0.0091071
839	25	23	37	39	0.0092062
840	25	23	37	39	0.0092062
841	25	24	31	32	0.0092258
842	25	24	31	32	0.0092258
843	71	69	81	83	0.0092341
844	27	25	41	43	0.009252
845	27	25	41	43	0.009252
846	46	45	54	55	0.0092651
847	62	61	70	71	0.0092885
848	3	1	17	19	0.0093271
849	3	1	17	19	0.0093271
850	40	39	48	49	0.0094193
851	40	39	48	49	0.0094193
852	12	10	24	26	0.0094235
853	12	10	24	26	0.0094235
854	26	25	32	33	0.0094253
855	26	25	32	33	0.0094253
856	68	67	74	75	0.0094337
857	15	14	23	24	0.0094406
858	15	14	23	24	0.0094406
859	50	48	62	64	0.0094492
860	45	44	53	54	0.0094874
861	12	11	19	20	0.0094891
862	12	11	19	20	0.0094891
863	30	29	38	39	0.0094949
864	44	43	52	53	0.0095153
865	44	43	52	53	0.0095153
866	34	33	42	43	0.0095242
867	29	27	45	47	0.0095322
868	29	27	45	47	0.0095322
869	60	58	72	74	0.0095358
870	20	18	30	32	0.0095543
871	20	18	30	32	0.0095543
872	64	62	76	78	0.0095674
873	65	63	77	79	0.0095931
874	31	29	43	45	0.0096187
875	76	75	81	82	0.0096829
876	10	8	22	24	0.0096882
877	10	8	22	24	0.0096882
878	63	61	75	77	0.0097465
879	26	24	38	40	0.0097591
880	26	24	38	40	0.0097591
881	75	74	80	81	0.0097649
882	69	67	79	81	0.0097964
883	28	26	42	44	0.0098547
884	28	26	42	44	0.0098547
885	5	3	17	19	0.0098616
886	5	3	17	19	0.0098616
887	33	31	45	47	0.0098786
888	28	27	36	37	0.009882
889	28	27	36	37	0.009882
890	33	31	45	47	0.0099123
891	33	31	45	47	0.0099123
892	6	5	14	15	0.0099486
893	6	5	14	15	0.0099486
894	59	58	66	67	0.0099735
895	23	21	35	37	0.0099748
896	23	21	35	37	0.0099748
897	66	65	72	73	0.009999
898	27	26	33	34	0.010077
899	27	26	33	34	0.010077
900	7	6	15	16	0.01013
901	7	6	15	16	0.01013
902	17	15	29	31	0.01017
903	17	15	29	31	0.01017
904	10	9	18	19	0.01018
905	10	9	18	19	0.01018
906	62	60	74	76	0.010197
907	16	15	24	25	0.010219
908	16	15	24	25	0.010219
909	40	38	52	54	0.01023
910	36	34	48	50	0.01026
911	60	59	67	68	0.010298
912	39	37	51	53	0.010304
913	39	37	51	53	0.010304
914	63	62	70	71	0.010308
915	72	71	77	78	0.010447
916	36	35	44	45	0.010484
917	14	12	26	28	0.010485
918	14	12	26	28	0.010485
919	22	21	29	30	0.010495
920	22	21	29	30	0.010495
921	61	59	73	75	0.010501
922	44	43	52	53	0.010523
923	33	31	43	45	0.010554
924	33	31	43	45	0.010554
925	53	52	61	62	0.010567
926	73	72	78	79	0.01059
927	40	39	47	48	0.010594
928	40	39	47	48	0.010594
929	67	66	73	74	0.010608
930	58	56	70	72	0.010619
931	55	53	67	69	0.010641
932	32	31	38	39	0.010668
933	34	33	42	43	0.010733
934	34	33	42	43	0.010733
935	56	55	64	65	0.010761
936	58	57	65	66	0.010774
937	30	29	37	38	0.010883
938	30	29	37	38	0.010883
939	52	50	64	66	0.010897
940	70	69	75	76	0.010899
941	9	8	17	18	0.010918
942	9	8	17	18	0.010918
943	23	21	33	35	0.010956
944	23	21	33	35	0.010956
945	29	28	37	38	0.010975
946	29	28	37	38	0.010975
947	34	33	41	42	0.011012
948	34	33	41	42	0.011012
949	3	2	11	12	0.011063
950	3	2	11	12	0.011063
951	55	54	63	64	0.011088
952	30	28	44	46	0.011113
953	30	28	44	46	0.011113
954	51	49	63	65	0.011192
955	68	66	78	80	0.011194
956	77	76	82	83	0.011252
957	34	33	41	42	0.011279
958	67	65	77	79	0.011334
959	9	7	19	21	0.011338
960	9	7	19	21	0.011338
961	41	40	49	50	0.011356
962	36	35	44	45	0.011371
963	36	35	44	45	0.011371
964	38	37	46	47	0.0114
965	38	37	46	47	0.0114
966	37	35	49	51	0.011423
967	37	35	49	51	0.011423
968	32	31	38	39	0.011426
969	32	31	38	39	0.011426
970	78	77	83	84	0.011443
971	47	45	59	61	0.011453
972	20	19	28	29	0.011459
973	20	19	28	29	0.011459
974	28	26	40	42	0.01149
975	28	26	40	42	0.01149
976	32	30	42	44	0.011524
977	14	13	22	23	0.011586
978	14	13	22	23	0.011586
979	33	31	43	45	0.011592
980	36	34	48	50	0.011625
981	36	34	48	50	0.011625
982	65	64	71	72	0.011632
983	61	60	68	69	0.01166
984	4	2	16	18	0.011697
985	4	2	16	18	0.011697
986	17	16	25	26	0.011752
987	17	16	25	26	0.011752
988	4	3	11	12	0.011768
989	4	3	11	12	0.011768
990	19	18	27	28	0.011792
991	19	18	27	28	0.011792
992	35	34	43	44	0.011849
993	32	30	42	44	0.011915
994	32	30	42	44	0.011915
995	42	40	54	56	0.011979
996	42	40	54	56	0.011979
997	9	8	16	17	0.011988
998	9	8	16	17	0.011988
999	71	70	76	77	0.011992
1000	33	32	39	40	0.011997
1001	33	32	39	40	0.011997
1002	44	42	56	58	0.012055
1003	13	11	23	25	0.01208
1004	13	11	23	25	0.01208
1005	38	36	50	52	0.012089
1006	38	36	50	52	0.012089
1007	50	49	58	59	0.012177
1008	48	47	56	57	0.01219
1009	42	40	54	56	0.01225
1010	18	17	26	27	0.012268
1011	18	17	26	27	0.012268
1012	69	68	74	75	0.012319
1013	74	73	79	80	0.012326
1014	73	71	81	83	0.012329
1015	30	29	37	38	0.01234
1016	57	55	69	71	0.012444
1017	13	12	19	20	0.012508
1018	13	12	19	20	0.012508
1019	72	70	80	82	0.012523
1020	49	48	57	58	0.012617
1021	22	20	30	32	0.01262
1022	22	20	30	32	0.01262
1023	66	64	76	78	0.012627
1024	11	10	18	19	0.012724
1025	11	10	18	19	0.012724
1026	37	35	49	51	0.012731
1027	31	30	36	37	0.012748
1028	31	30	36	37	0.012748
1029	56	54	68	70	0.012775
1030	33	32	39	40	0.012882
1031	10	8	20	22	0.012884
1032	10	8	20	22	0.012884
1033	24	22	34	36	0.012911
1034	24	22	34	36	0.012911
1035	38	36	50	52	0.012918
1036	64	62	74	76	0.012977
1037	62	61	69	70	0.013022
1038	65	63	75	77	0.013054
1039	27	26	32	33	0.013063
1040	27	26	32	33	0.013063
1041	2	1	10	11	0.013098
1042	2	1	10	11	0.013098
1043	8	6	18	20	0.013163
1044	8	6	18	20	0.013163
1045	42	41	50	51	0.01318
1046	42	41	50	51	0.01318
1047	3	1	15	17	0.013243
1048	3	1	15	17	0.013243
1049	67	66	72	73	0.013253
1050	41	40	48	49	0.013259
1051	41	40	48	49	0.013259
1052	45	44	52	53	0.01334
1053	20	19	27	28	0.013366
1054	20	19	27	28	0.013366
1055	8	7	15	16	0.013372
1056	8	7	15	16	0.013372
1057	43	42	51	52	0.013426
1058	21	20	28	29	0.013556
1059	21	20	28	29	0.013556
1060	52	51	60	61	0.013604
1061	16	15	23	24	0.013637
1062	16	15	23	24	0.013637
1063	25	24	30	31	0.013647
1064	25	24	30	31	0.013647
1065	74	72	82	84	0.013771
1066	41	40	48	49	0.013843
1067	37	36	44	45	0.013845
1068	37	36	44	45	0.013845
1069	19	18	26	27	0.013882
1070	19	18	26	27	0.013882
1071	6	5	12	13	0.013886
1072	6	5	12	13	0.013886
1073	28	27	35	36	0.013954
1074	28	27	35	36	0.013954
1075	42	41	50	51	0.013961
1076	61	59	71	73	0.013982
1077	57	56	64	65	0.014005
1078	7	6	14	15	0.014066
1079	7	6	14	15	0.014066
1080	76	75	80	81	0.014068
1081	71	69	79	81	0.014069
1082	43	41	55	57	0.014131
1083	17	16	24	25	0.014209
1084	17	16	24	25	0.014209
1085	51	50	59	60	0.014215
1086	12	10	22	24	0.014216
1087	12	10	22	24	0.014216
1088	28	27	34	35	0.014224
1089	28	27	34	35	0.014224
1090	23	21	31	33	0.01423
1091	23	21	31	33	0.01423
1092	31	30	36	37	0.014258
1093	45	44	52	53	0.01428
1094	45	44	52	53	0.01428
1095	38	37	46	47	0.014366
1096	54	52	64	66	0.014442
1097	64	63	70	71	0.014457
1098	24	22	32	34	0.014466
1099	24	22	32	34	0.014466
1100	25	23	35	37	0.014483
1101	25	23	35	37	0.014483
1102	34	33	40	41	0.014486
1103	34	33	40	41	0.014486
1104	26	25	31	32	0.014505
1105	26	25	31	32	0.014505
1106	11	9	21	23	0.014521
1107	11	9	21	23	0.014521
1108	60	58	70	72	0.014551
1109	29	28	36	37	0.014571
1110	29	28	36	37	0.014571
1111	34	33	40	41	0.014613
1112	6	5	13	14	0.01462
1113	6	5	13	14	0.01462
1114	30	29	36	37	0.014672
1115	30	29	36	37	0.014672
1116	66	65	71	72	0.014684
1117	5	4	11	12	0.014689
1118	5	4	11	12	0.014689
1119	5	3	15	17	0.014697
1120	5	3	15	17	0.014697
1121	73	72	77	78	0.014857
1122	36	35	43	44	0.014861
1123	36	35	43	44	0.014861
1124	41	39	51	53	0.014885
1125	41	39	51	53	0.014885
1126	59	58	65	66	0.014934
1127	60	59	66	67	0.014995
1128	30	28	42	44	0.015077
1129	30	28	42	44	0.015077
1130	16	14	28	30	0.01512
1131	16	14	28	30	0.01512
1132	31	29	41	43	0.015132
1133	31	29	41	43	0.015132
1134	15	13	27	29	0.015137
1135	15	13	27	29	0.015137
1136	63	62	69	70	0.015139
1137	54	53	61	62	0.015147
1138	42	40	52	54	0.015218
1139	42	40	52	54	0.015218
1140	31	29	41	43	0.015305
1141	61	60	67	68	0.01547
1142	55	53	65	67	0.015581
1143	32	30	40	42	0.01563
1144	77	76	81	82	0.015657
1145	41	40	47	48	0.015673
1146	41	40	47	48	0.015673
1147	63	61	73	75	0.015673
1148	56	55	63	64	0.015678
1149	68	67	73	74	0.015709
1150	37	35	47	49	0.015763
1151	37	35	47	49	0.015763
1152	27	25	37	39	0.01578
1153	27	25	37	39	0.01578
1154	26	24	36	38	0.015789
1155	26	24	36	38	0.015789
1156	34	32	44	46	0.015801
1157	34	32	44	46	0.015801
1158	32	30	40	42	0.015835
1159	32	30	40	42	0.015835
1160	71	70	75	76	0.015879
1161	14	13	21	22	0.015886
1162	14	13	21	22	0.015886
1163	48	46	58	60	0.015904
1164	53	51	63	65	0.015917
1165	70	68	78	80	0.01592
1166	46	44	60	62	0.015938
1167	32	31	37	38	0.015953
1168	59	57	69	71	0.015965
1169	55	54	62	63	0.015999
1170	34	32	44	46	0.016042
1171	39	38	46	47	0.016095
1172	39	38	46	47	0.016095
1173	28	26	38	40	0.016108
1174	28	26	38	40	0.016108
1175	3	2	10	11	0.016199
1176	3	2	10	11	0.016199
1177	15	14	22	23	0.016218
1178	15	14	22	23	0.016218
1179	43	42	51	52	0.016239
1180	43	42	51	52	0.016239
1181	49	47	59	61	0.016244
1182	62	60	72	74	0.016294
1183	67	65	75	77	0.01635
1184	44	43	51	52	0.016389
1185	6	4	16	18	0.016436
1186	6	4	16	18	0.016436
1187	69	67	77	79	0.016473
1188	23	22	29	30	0.016511
1189	23	22	29	30	0.016511
1190	14	13	20	21	0.016578
1191	14	13	20	21	0.016578
1192	37	36	45	46	0.016594
1193	37	36	45	46	0.016594
1194	14	12	24	26	0.016632
1195	14	12	24	26	0.016632
1196	40	38	50	52	0.016754
1197	40	38	50	52	0.016754
1198	31	29	39	41	0.016781
1199	31	29	39	41	0.016781
1200	36	34	46	48	0.016842
1201	36	34	46	48	0.016842
1202	37	36	44	45	0.01688
1203	4	3	10	11	0.01689
1204	4	3	10	11	0.01689
1205	25	23	33	35	0.016923
1206	25	23	33	35	0.016923
1207	68	66	76	78	0.016924
1208	38	36	48	50	0.017066
1209	38	36	48	50	0.017066
1210	21	20	27	28	0.017089
1211	21	20	27	28	0.017089
1212	29	27	41	43	0.017116
1213	29	27	41	43	0.017116
1214	72	71	76	77	0.017136
1215	75	74	79	80	0.01715
1216	35	34	42	43	0.017159
1217	58	56	68	70	0.017194
1218	19	17	29	31	0.017215
1219	19	17	29	31	0.017215
1220	20	19	26	27	0.017312
1221	20	19	26	27	0.017312
1222	44	43	51	52	0.017337
1223	44	43	51	52	0.017337
1224	53	52	60	61	0.017361
1225	36	35	43	44	0.017365
1226	56	54	66	68	0.01743
1227	7	5	17	19	0.017564
1228	7	5	17	19	0.017564
1229	52	51	59	60	0.017596
1230	79	78	83	84	0.017599
1231	57	55	67	69	0.017624
1232	37	35	47	49	0.017735
1233	62	61	68	69	0.017773
1234	29	27	39	41	0.017802
1235	29	27	39	41	0.017802
1236	52	50	62	64	0.017843
1237	30	28	40	42	0.018035
1238	30	28	40	42	0.018035
1239	22	21	28	29	0.018205
1240	22	21	28	29	0.018205
1241	42	41	49	50	0.018231
1242	42	41	49	50	0.018231
1243	66	64	74	76	0.018249
1244	78	77	82	83	0.01828
1245	10	9	17	18	0.018322
1246	10	9	17	18	0.018322
1247	45	43	55	57	0.018349
1248	28	27	33	34	0.018517
1249	28	27	33	34	0.018517
1250	32	31	37	38	0.018552
1251	32	31	37	38	0.018552
1252	58	57	64	65	0.018609
1253	39	37	49	51	0.018678
1254	39	37	49	51	0.018678
1255	70	69	74	75	0.018721
1256	40	38	50	52	0.018731
1257	4	2	14	16	0.018839
1258	4	2	14	16	0.018839
1259	30	29	36	37	0.01884
1260	35	34	42	43	0.019091
1261	35	34	42	43	0.019091
1262	50	48	60	62	0.019108
1263	37	36	43	44	0.019284
1264	37	36	43	44	0.019284
1265	12	11	18	19	0.019308
1266	12	11	18	19	0.019308
1267	42	40	52	54	0.019345
1268	42	41	49	50	0.019419
1269	38	36	48	50	0.01943
1270	47	45	57	59	0.019494
1271	51	49	61	63	0.019506
1272	31	30	35	36	0.01955
1273	18	17	25	26	0.019775
1274	18	17	25	26	0.019775
1275	36	34	46	48	0.019837
1276	37	36	45	46	0.019843
1277	74	73	78	79	0.019851
1278	24	23	29	30	0.01987
1279	24	23	29	30	0.01987
1280	16	14	26	28	0.019901
1281	17	16	23	24	0.019901
1282	16	14	26	28	0.019901
1283	17	16	23	24	0.019901
1284	44	42	54	56	0.020047
1285	43	42	50	51	0.02019
1286	41	40	47	48	0.02024
1287	46	45	53	54	0.020241
1288	46	45	53	54	0.020241
1289	15	13	25	27	0.020254
1290	15	13	25	27	0.020254
1291	8	7	14	15	0.0203
1292	8	7	14	15	0.0203
1293	47	46	54	55	0.020336
1294	9	8	15	16	0.020339
1295	9	8	15	16	0.020339
1296	65	64	70	71	0.020341
1297	33	31	41	43	0.020352
1298	50	49	57	58	0.020366
1299	2	1	9	10	0.020472
1300	2	1	9	10	0.020472
1301	12	10	20	22	0.020709
1302	12	10	20	22	0.020709
1303	31	29	39	41	0.020738
1304	21	19	29	31	0.020751
1305	21	19	29	31	0.020751
1306	43	41	53	55	0.020881
1307	35	33	45	47	0.020942
1308	35	33	45	47	0.020942
1309	67	66	71	72	0.020949
1310	35	34	41	42	0.021022
1311	29	28	35	36	0.021178
1312	29	28	35	36	0.021178
1313	13	11	21	23	0.0212
1314	13	11	21	23	0.0212
1315	30	29	35	36	0.021236
1316	30	29	35	36	0.021236
1317	48	47	55	56	0.021254
1318	51	50	58	59	0.021263
1319	68	67	72	73	0.02127
1320	33	32	38	39	0.02127
1321	33	32	38	39	0.02127
1322	49	48	56	57	0.021271
1323	10	9	16	17	0.021297
1324	10	9	16	17	0.021297
1325	57	56	63	64	0.021481
1326	63	62	68	69	0.021558
1327	45	44	51	52	0.021615
1328	35	34	41	42	0.021631
1329	35	34	41	42	0.021631
1330	11	9	19	21	0.021667
1331	11	9	19	21	0.021667
1332	40	39	46	47	0.0217
1333	40	39	46	47	0.0217
1334	33	32	38	39	0.021782
1335	44	42	54	56	0.022003
1336	44	42	54	56	0.022003
1337	69	68	73	74	0.022007
1338	7	6	13	14	0.022087
1339	7	6	13	14	0.022087
1340	64	63	69	70	0.022129
1341	64	62	72	74	0.022145
1342	43	42	50	51	0.022222
1343	43	42	50	51	0.022222
1344	63	61	71	73	0.022226
1345	38	37	44	45	0.022309
1346	31	30	35	36	0.022361
1347	31	30	35	36	0.022361
1348	34	33	39	40	0.022415
1349	34	33	39	40	0.022415
1350	48	47	54	55	0.02243
1351	65	63	73	75	0.022458
1352	29	28	34	35	0.022525
1353	29	28	34	35	0.022525
1354	46	44	56	58	0.022685
1355	2	1	8	9	0.022879
1356	2	1	8	9	0.022879
1357	35	33	45	47	0.022881
1358	33	31	41	43	0.022971
1359	33	31	41	43	0.022971
1360	38	37	44	45	0.023044
1361	38	37	44	45	0.023044
1362	47	46	53	54	0.023055
1363	47	46	53	54	0.023055
1364	27	26	31	32	0.023261
1365	27	26	31	32	0.023261
1366	46	45	53	54	0.023264
1367	53	52	59	60	0.023377
1368	17	15	27	29	0.023531
1369	17	15	27	29	0.023531
1370	15	14	21	22	0.023532
1371	15	14	21	22	0.023532
1372	21	20	26	27	0.023554
1373	21	20	26	27	0.023554
1374	22	21	27	28	0.023583
1375	22	21	27	28	0.023583
1376	30	29	35	36	0.023753
1377	19	18	25	26	0.023762
1378	19	18	25	26	0.023762
1379	61	60	66	67	0.02384
1380	5	4	10	11	0.023883
1381	5	4	10	11	0.023883
1382	26	24	34	36	0.023912
1383	26	24	34	36	0.023912
1384	56	55	62	63	0.023923
1385	60	59	65	66	0.023931
1386	7	6	12	13	0.024057
1387	7	6	12	13	0.024057
1388	3	1	13	15	0.024057
1389	3	1	13	15	0.024057
1390	59	57	67	69	0.024142
1391	30	29	34	35	0.024202
1392	30	29	34	35	0.024202
1393	42	41	48	49	0.024491
1394	16	15	22	23	0.024524
1395	16	15	22	23	0.024524
1396	34	33	39	40	0.024597
1397	35	33	43	45	0.024766
1398	35	33	43	45	0.024766
1399	62	61	67	68	0.024852
1400	26	25	30	31	0.024983
1401	26	25	30	31	0.024983
1402	11	10	17	18	0.025017
1403	11	10	17	18	0.025017
1404	18	17	24	25	0.025063
1405	18	17	24	25	0.025063
1406	58	56	66	68	0.025116
1407	77	76	80	81	0.025261
1408	34	32	42	44	0.025285
1409	34	32	42	44	0.025285
1410	60	58	68	70	0.025425
1411	38	37	45	46	0.025445
1412	47	46	53	54	0.025446
1413	10	8	18	20	0.025483
1414	10	8	18	20	0.025483
1415	44	43	50	51	0.025511
1416	72	71	75	76	0.025513
1417	44	43	50	51	0.025523
1418	44	43	50	51	0.025523
1419	18	16	28	30	0.025611
1420	18	16	28	30	0.025611
1421	3	2	9	10	0.025791
1422	3	2	9	10	0.025791
1423	54	53	60	61	0.026003
1424	36	35	42	43	0.026034
1425	38	37	45	46	0.02627
1426	38	37	45	46	0.02627
1427	62	60	70	72	0.026353
1428	27	25	35	37	0.026433
1429	27	25	35	37	0.026433
1430	28	27	32	33	0.026501
1431	28	27	32	33	0.026501
1432	54	52	62	64	0.026536
1433	34	32	42	44	0.026543
1434	30	28	38	40	0.026934
1435	30	28	38	40	0.026934
1436	61	59	69	71	0.027011
1437	4	2	12	14	0.02727
1438	4	2	12	14	0.02727
1439	4	3	9	10	0.027323
1440	4	3	9	10	0.027323
1441	42	41	48	49	0.02735
1442	42	41	48	49	0.02735
1443	6	5	11	12	0.02738
1444	6	5	11	12	0.02738
1445	73	72	76	77	0.027538
1446	15	14	20	21	0.027592
1447	15	14	20	21	0.027592
1448	45	44	51	52	0.027601
1449	45	44	51	52	0.027601
1450	76	75	79	80	0.027618
1451	14	12	22	24	0.027622
1452	14	12	22	24	0.027622
1453	57	55	65	67	0.02771
1454	28	26	36	38	0.027959
1455	28	26	36	38	0.027959
1456	39	37	47	49	0.028025
1457	39	37	47	49	0.028025
1458	66	65	70	71	0.028048
1459	59	58	64	65	0.02825
1460	5	3	13	15	0.028289
1461	5	3	13	15	0.028289
1462	13	12	18	19	0.028446
1463	13	12	18	19	0.028446
1464	6	4	14	16	0.028455
1465	6	4	14	16	0.028455
1466	7	5	15	17	0.028519
1467	7	5	15	17	0.028519
1468	52	51	58	59	0.028537
1469	8	6	16	18	0.028612
1470	8	6	16	18	0.028612
1471	78	77	81	82	0.028626
1472	35	34	40	41	0.028699
1473	37	36	43	44	0.028751
1474	43	42	49	50	0.029239
1475	9	7	17	19	0.029258
1476	9	7	17	19	0.029258
1477	55	54	61	62	0.029286
1478	3	2	8	9	0.02933
1479	3	2	8	9	0.02933
1480	38	36	46	48	0.029407
1481	38	36	46	48	0.029407
1482	32	31	36	37	0.029565
1483	41	39	49	51	0.029738
1484	41	39	49	51	0.029738
1485	35	34	40	41	0.029756
1486	35	34	40	41	0.029756
1487	15	13	23	25	0.029792
1488	15	13	23	25	0.029792
1489	45	43	53	55	0.029929
1490	80	79	83	84	0.030016
1491	23	22	28	29	0.030052
1492	23	22	28	29	0.030052
1493	35	33	43	45	0.030072
1494	32	31	36	37	0.030172
1495	32	31	36	37	0.030172
1496	40	38	48	50	0.030315
1497	55	53	63	65	0.030462
1498	44	42	52	54	0.030467
1499	44	42	52	54	0.030467
1500	71	70	74	75	0.030559
1501	30	29	34	35	0.030751
1502	58	57	63	64	0.030776
1503	74	73	77	78	0.030813
1504	40	38	48	50	0.030884
1505	40	38	48	50	0.030884
1506	53	51	61	63	0.030913
1507	75	74	78	79	0.030939
1508	29	28	33	34	0.031165
1509	29	28	33	34	0.031165
1510	79	78	82	83	0.031423
1511	56	54	64	66	0.031426
1512	11	10	16	17	0.031782
1513	11	10	16	17	0.031782
1514	14	13	19	20	0.031912
1515	14	13	19	20	0.031912
1516	63	62	67	68	0.03216
1517	20	19	25	26	0.032164
1518	20	19	25	26	0.032164
1519	42	41	47	48	0.032231
1520	42	41	47	48	0.032231
1521	43	42	49	50	0.032452
1522	43	42	49	50	0.032452
1523	49	47	57	59	0.032499
1524	3	1	11	13	0.032691
1525	3	1	11	13	0.032691
1526	19	18	24	25	0.032813
1527	19	18	24	25	0.032813
1528	9	8	14	15	0.03293
1529	9	8	14	15	0.03293
1530	38	37	43	44	0.032993
1531	38	37	43	44	0.032993
1532	69	68	72	73	0.033048
1533	29	27	37	39	0.033157
1534	29	27	37	39	0.033157
1535	36	35	41	42	0.033174
1536	8	7	13	14	0.033267
1537	8	7	13	14	0.033267
1538	64	63	68	69	0.033303
1539	16	15	21	22	0.033497
1540	16	15	21	22	0.033497
1541	46	45	52	53	0.033555
1542	46	45	52	53	0.033555
1543	16	14	24	26	0.033574
1544	16	14	24	26	0.033574
1545	39	38	44	45	0.033607
1546	39	38	44	45	0.033607
1547	65	64	69	70	0.033635
1548	50	48	58	60	0.033722
1549	36	35	42	43	0.033976
1550	36	35	42	43	0.033976
1551	44	42	52	54	0.034092
1552	4	3	8	9	0.034158
1553	4	3	8	9	0.034158
1554	17	15	25	27	0.034475
1555	17	15	25	27	0.034475
1556	46	45	52	53	0.034524
1557	48	46	56	58	0.034651
1558	20	18	28	30	0.034861
1559	20	18	28	30	0.034861
1560	41	40	46	47	0.0349
1561	41	40	46	47	0.0349
1562	57	56	62	63	0.034998
1563	45	44	50	51	0.035229
1564	42	40	50	52	0.035499
1565	42	40	50	52	0.035499
1566	2	1	7	8	0.035805
1567	2	1	7	8	0.035805
1568	10	9	15	16	0.03622
1569	10	9	15	16	0.03622
1570	22	21	26	27	0.03641
1571	22	21	26	27	0.03641
1572	33	32	37	38	0.03643
1573	51	50	57	58	0.036523
1574	49	48	55	56	0.036693
1575	31	30	34	35	0.03672
1576	31	30	34	35	0.03672
1577	50	49	56	57	0.036754
1578	39	38	45	46	0.036912
1579	39	38	45	46	0.036912
1580	18	16	26	28	0.037139
1581	18	16	26	28	0.037139
1582	42	41	47	48	0.037264
1583	31	30	34	35	0.037626
1584	70	69	73	74	0.037678
1585	68	67	71	72	0.037764
1586	43	42	48	49	0.038009
1587	18	17	23	24	0.038011
1588	18	17	23	24	0.038011
1589	8	7	12	13	0.038047
1590	8	7	12	13	0.038047
1591	54	53	59	60	0.038107
1592	52	50	60	62	0.038445
1593	42	40	50	52	0.038452
1594	44	43	49	50	0.038581
1595	43	41	51	53	0.038718
1596	24	23	28	29	0.038752
1597	24	23	28	29	0.038752
1598	44	43	49	50	0.038799
1599	44	43	49	50	0.038799
1600	17	16	22	23	0.039003
1601	17	16	22	23	0.039003
1602	43	41	51	53	0.039251
1603	43	41	51	53	0.039251
1604	33	32	37	38	0.039518
1605	33	32	37	38	0.039518
1606	12	11	17	18	0.039519
1607	12	11	17	18	0.039519
1608	36	34	44	46	0.039531
1609	51	49	59	61	0.039602
1610	53	52	58	59	0.039702
1611	38	37	43	44	0.039858
1612	47	46	52	53	0.040217
1613	38	36	46	48	0.04028
1614	47	46	52	53	0.040845
1615	47	46	52	53	0.040845
1616	46	44	54	56	0.040924
1617	36	35	41	42	0.041054
1618	36	35	41	42	0.041054
1619	36	34	44	46	0.041117
1620	36	34	44	46	0.041117
1621	62	61	66	67	0.041157
1622	5	4	9	10	0.041307
1623	5	4	9	10	0.041307
1624	48	47	53	54	0.041624
1625	48	47	53	54	0.041624
1626	61	60	65	66	0.041804
1627	19	17	27	29	0.042351
1628	19	17	27	29	0.042351
1629	48	47	53	54	0.042802
1630	45	44	50	51	0.042815
1631	45	44	50	51	0.042815
1632	34	33	38	39	0.043261
1633	34	33	38	39	0.043261
1634	47	45	55	57	0.043444
1635	47	46	54	55	0.044218
1636	47	46	54	55	0.044218
1637	49	48	54	55	0.044262
1638	23	22	27	28	0.044275
1639	23	22	27	28	0.044275
1640	37	35	45	47	0.04492
1641	37	35	45	47	0.04492
1642	37	36	42	43	0.045047
1643	30	29	33	34	0.045148
1644	30	29	33	34	0.045148
1645	67	66	70	71	0.045165
1646	34	33	38	39	0.045261
1647	41	40	46	47	0.045354
1648	6	5	10	11	0.045924
1649	6	5	10	11	0.045924
1650	25	24	29	30	0.045925
1651	25	24	29	30	0.045925
1652	56	55	61	62	0.046774
1653	37	36	42	43	0.047167
1654	37	36	42	43	0.047167
1655	7	6	11	12	0.047259
1656	7	6	11	12	0.047259
1657	46	44	54	56	0.048397
1658	46	44	54	56	0.048397
1659	20	19	24	25	0.048409
1660	20	19	24	25	0.048409
1661	21	20	25	26	0.049075
1662	21	20	25	26	0.049075
1663	36	35	40	41	0.049138
1664	43	42	48	49	0.049204
1665	43	42	48	49	0.049204
1666	3	2	7	8	0.049246
1667	3	2	7	8	0.049246
1668	35	34	39	40	0.049723
1669	35	34	39	40	0.049723
1670	60	59	64	65	0.049964
1671	40	39	44	45	0.050067
1672	40	39	44	45	0.050067
1673	73	72	75	76	0.051162
1674	32	31	35	36	0.051522
1675	35	34	39	40	0.051575
1676	40	39	45	46	0.051644
1677	40	39	45	46	0.051644
1678	66	65	69	70	0.05165
1679	37	35	45	47	0.051961
1680	59	58	63	64	0.051967
1681	52	51	57	58	0.052026
1682	55	54	60	61	0.05212
1683	16	15	20	21	0.052373
1684	16	15	20	21	0.052373
1685	44	43	48	49	0.052707
1686	27	26	30	31	0.053397
1687	27	26	30	31	0.053397
1688	39	38	43	44	0.053712
1689	39	38	43	44	0.053712
1690	64	63	67	68	0.055641
1691	65	64	68	69	0.056037
1692	78	77	80	81	0.056238
1693	12	11	16	17	0.0563
1694	12	11	16	17	0.0563
1695	30	29	33	34	0.056383
1696	58	57	62	63	0.056405
1697	29	28	32	33	0.057211
1698	29	28	32	33	0.057211
1699	19	18	23	24	0.057237
1700	19	18	23	24	0.057237
1701	45	44	49	50	0.057526
1702	63	62	66	67	0.058436
1703	17	16	21	22	0.058447
1704	17	16	21	22	0.058447
1705	15	14	19	20	0.058609
1706	15	14	19	20	0.058609
1707	9	8	13	14	0.058645
1708	9	8	13	14	0.058645
1709	50	49	55	56	0.059101
1710	46	45	51	52	0.05919
1711	5	4	8	9	0.059437
1712	5	4	8	9	0.059437
1713	77	76	79	80	0.059687
1714	75	74	77	78	0.060108
1715	72	71	74	75	0.060246
1716	79	78	81	82	0.060737
1717	81	80	83	84	0.06097
1718	43	42	47	48	0.061346
1719	36	35	40	41	0.061914
1720	36	35	40	41	0.061914
1721	37	36	41	42	0.062035
1722	37	36	41	42	0.062035
1723	37	36	41	42	0.06211
1724	43	42	47	48	0.062991
1725	43	42	47	48	0.062991
1726	28	27	31	32	0.06301
1727	28	27	31	32	0.06301
1728	76	75	78	79	0.063076
1729	4	3	7	8	0.063086
1730	4	3	7	8	0.063086
1731	11	10	15	16	0.063233
1732	11	10	15	16	0.063233
1733	32	31	35	36	0.064103
1734	32	31	35	36	0.064103
1735	44	43	48	49	0.064178
1736	44	43	48	49	0.064178
1737	2	1	6	7	0.065368
1738	2	1	6	7	0.065368
1739	10	9	14	15	0.065812
1740	10	9	14	15	0.065812
1741	46	45	51	52	0.065978
1742	46	45	51	52	0.065978
1743	69	68	71	72	0.066513
1744	13	12	17	18	0.066996
1745	13	12	17	18	0.066996
1746	38	37	42	43	0.067107
1747	70	69	72	73	0.06768
1748	80	79	82	83	0.068222
1749	24	23	27	28	0.068984
1750	24	23	27	28	0.068984
1751	54	53	58	59	0.0694
1752	51	50	56	57	0.070685
1753	74	73	76	77	0.070716
1754	45	44	49	50	0.071645
1755	45	44	49	50	0.071645
1756	33	32	36	37	0.072691
1757	33	32	36	37	0.072691
1758	57	56	61	62	0.074655
1759	9	8	12	13	0.074972
1760	9	8	12	13	0.074972
1761	47	46	51	52	0.076141
1762	48	47	52	53	0.076317
1763	53	52	57	58	0.077048
1764	71	70	73	74	0.077454
1765	33	32	36	37	0.078468
1766	42	41	46	47	0.078865
1767	42	41	46	47	0.078865
1768	48	47	52	53	0.080045
1769	48	47	52	53	0.080045
1770	62	61	65	66	0.080182
1771	18	17	22	23	0.082172
1772	18	17	22	23	0.082172
1773	49	48	53	54	0.08326
1774	49	48	53	54	0.08326
1775	14	13	18	19	0.084004
1776	14	13	18	19	0.084004
1777	45	44	48	49	0.084472
1778	23	22	26	27	0.084771
1779	23	22	26	27	0.084771
1780	22	21	25	26	0.085118
1781	22	21	25	26	0.085118
1782	34	33	37	38	0.085154
1783	41	40	45	46	0.085746
1784	41	40	45	46	0.085746
1785	21	20	24	25	0.086608
1786	21	20	24	25	0.086608
1787	41	40	45	46	0.086952
1788	47	46	51	52	0.087471
1789	47	46	51	52	0.087471
1790	38	37	42	43	0.088094
1791	38	37	42	43	0.088094
1792	55	54	59	60	0.088363
1793	49	48	53	54	0.088416
1794	44	43	47	48	0.088592
1795	44	43	47	48	0.088592
1796	40	39	43	44	0.088915
1797	40	39	43	44	0.088915
1798	6	5	9	10	0.089185
1799	6	5	9	10	0.089185
1800	56	55	60	61	0.090528
1801	42	41	46	47	0.091557
1802	34	33	37	38	0.091569
1803	34	33	37	38	0.091569
1804	44	43	47	48	0.092082
1805	41	40	44	45	0.092661
1806	41	40	44	45	0.092661
1807	50	49	54	55	0.092908
1808	68	67	70	71	0.094206
1809	3	2	6	7	0.09439
1810	3	2	6	7	0.09439
1811	41	40	44	45	0.0945
1812	8	7	11	12	0.095373
1813	8	7	11	12	0.095373
1814	19	15	51	55	0.096026
1815	19	15	51	55	0.096026
1816	26	25	29	30	0.096047
1817	26	25	29	30	0.096047
1818	36	35	39	40	0.096522
1819	7	6	10	11	0.096561
1820	7	6	10	11	0.096561
1821	61	60	64	65	0.097663
1822	10	5	50	55	0.09968
1823	10	5	50	55	0.09968
1824	67	66	69	70	0.10109
1825	66	65	68	69	0.10116
1826	45	43	53	55	0.10125
1827	45	43	53	55	0.10125
1828	60	59	63	64	0.10224
1829	25	24	28	29	0.10259
1830	25	24	28	29	0.10259
1831	38	37	41	42	0.10378
1832	37	36	40	41	0.10444
1833	37	36	40	41	0.10444
1834	46	45	50	51	0.10536
1835	52	51	56	57	0.10583
1836	37	36	40	41	0.10585
1837	35	34	38	39	0.10612
1838	5	4	7	8	0.10613
1839	5	4	7	8	0.10613
1840	35	34	38	39	0.10728
1841	35	34	38	39	0.10728
1842	20	19	23	24	0.10758
1843	20	19	23	24	0.10758
1844	59	58	62	63	0.10906
1845	15	10	50	55	0.10968
1846	15	10	50	55	0.10968
1847	46	45	50	51	0.1128
1848	46	45	50	51	0.1128
1849	17	16	20	21	0.11378
1850	17	16	20	21	0.11378
1851	65	64	67	68	0.11436
1852	36	35	39	40	0.11456
1853	36	35	39	40	0.11456
1854	61	60	63	64	0.11497
1855	16	15	19	20	0.11686
1856	16	15	19	20	0.11686
1857	51	50	55	56	0.11872
1858	64	63	66	67	0.11907
1859	13	12	16	17	0.11953
1860	13	12	16	17	0.11953
1861	45	44	48	49	0.12487
1862	45	44	48	49	0.12487
1863	10	9	12	13	0.12614
1864	10	9	12	13	0.12614
1865	12	11	15	16	0.12629
1866	12	11	15	16	0.12629
1867	38	37	41	42	0.12737
1868	38	37	41	42	0.12737
1869	31	30	33	34	0.1286
1870	10	9	13	14	0.13205
1871	10	9	13	14	0.13205
1872	63	62	65	66	0.13215
1873	31	30	33	34	0.13372
1874	31	30	33	34	0.13372
1875	30	29	32	33	0.13461
1876	30	29	32	33	0.13461
1877	11	10	14	15	0.13539
1878	11	10	14	15	0.13539
1879	18	17	21	22	0.136
1880	18	17	21	22	0.136
1881	58	57	61	62	0.13695
1882	19	18	22	23	0.1441
1883	19	18	22	23	0.1441
1884	34	33	36	37	0.1461
1885	34	33	36	37	0.1461
1886	54	53	57	58	0.15097
1887	4	3	6	7	0.1511
1888	4	3	6	7	0.1511
1889	6	5	8	9	0.15115
1890	6	5	8	9	0.15115
1891	47	46	50	51	0.15382
1892	50	49	52	53	0.15898
1893	22	21	24	25	0.15932
1894	22	21	24	25	0.15932
1895	39	38	42	43	0.1596
1896	39	38	42	43	0.1596
1897	57	56	60	61	0.16016
1898	2	1	5	6	0.16173
1899	2	1	5	6	0.16173
1900	50	49	53	54	0.16468
1901	50	49	53	54	0.16468
1902	43	42	46	47	0.16623
1903	30	29	32	33	0.16625
1904	48	47	51	52	0.16986
1905	49	48	52	53	0.17239
1906	49	48	52	53	0.17239
1907	53	52	56	57	0.17252
1908	32	31	34	35	0.17314
1909	32	31	34	35	0.17314
1910	56	55	59	60	0.17341
1911	19	18	21	22	0.17402
1912	19	18	21	22	0.17402
1913	15	14	18	19	0.17456
1914	15	14	18	19	0.17456
1915	43	42	46	47	0.17467
1916	43	42	46	47	0.17467
1917	49	48	52	53	0.17481
1918	47	46	50	51	0.17529
1919	47	46	50	51	0.17529
1920	33	32	35	36	0.17538
1921	45	44	47	48	0.17608
1922	7	1	49	55	0.17654
1923	7	1	49	55	0.17654
1924	55	54	58	59	0.17751
1925	42	41	45	46	0.1903
1926	32	31	34	35	0.19078
1927	50	49	53	54	0.19207
1928	24	23	26	27	0.19317
1929	24	23	26	27	0.19317
1930	33	32	35	36	0.19414
1931	33	32	35	36	0.19414
1932	48	47	51	52	0.19563
1933	48	47	51	52	0.19563
1934	41	40	43	44	0.19598
1935	41	40	43	44	0.19598
1936	45	44	47	48	0.19599
1937	45	44	47	48	0.19599
1938	46	45	49	50	0.19968
1939	52	51	55	56	0.20018
1940	28	27	30	31	0.20138
1941	28	27	30	31	0.20138
1942	7	6	9	10	0.2016
1943	7	6	9	10	0.2016
1944	29	28	31	32	0.20545
1945	29	28	31	32	0.20545
1946	79	78	80	81	0.2071
1947	82	81	83	84	0.20797
1948	46	45	49	50	0.20939
1949	46	45	49	50	0.20939
1950	34	33	36	37	0.21256
1951	42	41	45	46	0.2159
1952	42	41	45	46	0.2159
1953	51	50	54	55	0.21882
1954	73	72	74	75	0.2195
1955	62	61	64	65	0.22071
1956	38	37	40	41	0.22397
1957	14	13	17	18	0.2244
1958	14	13	17	18	0.2244
1959	53	52	55	56	0.22443
1960	37	36	39	40	0.22473
1961	37	36	39	40	0.22473
1962	81	80	82	83	0.22618
1963	76	75	77	78	0.22665
1964	21	20	23	24	0.23117
1965	21	20	23	24	0.23117
1966	39	38	41	42	0.23144
1967	39	38	41	42	0.23144
1968	80	79	81	82	0.23174
1969	74	73	75	76	0.23596
1970	8	7	10	11	0.23796
1971	8	7	10	11	0.23796
1972	3	2	5	6	0.24146
1973	3	2	5	6	0.24146
1974	26	25	28	29	0.24444
1975	26	25	28	29	0.24444
1976	9	8	11	12	0.24469
1977	9	8	11	12	0.24469
1978	37	36	39	40	0.24497
1979	71	70	72	73	0.24501
1980	35	34	37	38	0.24674
1981	36	35	38	39	0.24759
1982	78	77	79	80	0.24966
1983	23	22	25	26	0.25176
1984	23	22	25	26	0.25176
1985	77	76	78	79	0.25178
1986	42	41	44	45	0.25212
1987	70	69	71	72	0.25373
1988	41	40	43	44	0.2544
1989	58	57	60	61	0.2609
1990	51	50	53	54	0.26555
1991	51	50	53	54	0.26555
1992	27	26	29	30	0.26789
1993	27	26	29	30	0.26789
1994	35	34	37	38	0.27585
1995	35	34	37	38	0.27585
1996	42	41	44	45	0.27681
1997	42	41	44	45	0.27681
1998	75	74	76	77	0.27733
1999	60	59	62	63	0.28651
2000	2	1	4	5	0.28731
2001	2	1	4	5	0.28731
2002	18	17	20	21	0.28792
2003	18	17	20	21	0.28792
2004	72	71	73	74	0.29019
2005	27	23	51	55	0.29026
2006	27	23	51	55	0.29026
2007	40	39	42	43	0.293
2008	40	39	42	43	0.293
2009	52	51	55	56	0.29352
2010	52	51	55	56	0.29352
2011	69	68	70	71	0.29674
2012	36	35	38	39	0.29831
2013	36	35	38	39	0.29831
2014	44	43	46	47	0.30236
2015	17	16	19	20	0.30282
2016	17	16	19	20	0.30282
2017	44	43	46	47	0.31064
2018	44	43	46	47	0.31064
2019	20	19	22	23	0.31676
2020	20	19	22	23	0.31676
2021	59	58	61	62	0.32053
2022	13	12	15	16	0.32715
2023	13	12	15	16	0.32715
2024	67	66	68	69	0.34082
2025	12	11	14	15	0.34433
2026	12	11	14	15	0.34433
2027	68	67	69	70	0.35724
2028	57	56	59	60	0.3604
2029	11	10	13	14	0.36398
2030	11	10	13	14	0.36398
2031	66	65	67	68	0.36755
2032	46	45	47	48	0.3684
2033	47	46	49	50	0.3805
2034	47	46	49	50	0.3805
2035	43	42	45	46	0.39214
2036	41	39	53	55	0.40453
2037	41	39	53	55	0.40453
2038	54	53	56	57	0.40471
2039	52	51	54	55	0.40699
2040	56	55	58	59	0.41258
2041	16	15	18	19	0.41901
2042	16	15	18	19	0.41901
2043	48	47	50	51	0.42088
2044	46	45	48	49	0.42686
2045	46	45	48	49	0.42686
2046	49	48	51	52	0.42969
2047	49	48	51	52	0.42969
2048	48	47	50	51	0.44128
2049	48	47	50	51	0.44128
2050	65	64	66	67	0.44341
2051	55	54	57	58	0.44617
2052	14	13	16	17	0.45729
2053	14	13	16	17	0.45729
2054	49	48	51	52	0.47506
2055	43	41	53	55	0.48438
2056	43	41	53	55	0.48438
2057	25	24	27	28	0.50224
2058	25	24	27	28	0.50224
2059	64	63	65	66	0.51433
2060	49	48	55	56	0.51873
2061	49	48	55	56	0.51873
2062	15	14	17	18	0.52195
2063	15	14	17	18	0.52195
2064	38	37	40	41	0.5224
2065	38	37	40	41	0.5224
2066	43	42	45	46	0.53168
2067	43	42	45	46	0.53168
2068	63	62	64	65	0.58467
2069	22	21	23	24	0.59819
2070	22	21	23	24	0.59819
2071	52	51	54	55	0.60416
2072	52	51	54	55	0.60416
2073	3	2	4	5	0.61565
2074	3	2	4	5	0.61565
2075	4	3	5	6	0.65625
2076	4	3	5	6	0.65625
2077	5	4	6	7	0.68023
2078	5	4	6	7	0.68023
2079	23	22	24	25	0.70838
2080	23	22	24	25	0.70838
2081	34	33	35	36	0.72044
2082	43	42	44	45	0.78187
2083	20	19	21	22	0.80661
2084	20	19	21	22	0.80661
2085	62	61	63	64	0.81293
2086	31	30	32	33	0.82538
2087	39	38	40	41	0.85574
2088	39	38	40	41	0.85574
2089	34	33	35	36	0.8655
2090	34	33	35	36	0.8655
2091	21	20	22	23	0.8834
2092	21	20	22	23	0.8834
2093	33	32	34	35	0.90474
2094	33	32	34	35	0.90474
2095	2	1	3	4	0.90579
2096	2	1	3	4	0.90579
2097	24	23	25	26	0.93352
2098	24	23	25	26	0.93352
2099	38	37	39	40	0.93679
2100	38	37	39	40	0.93679
2101	40	39	41	42	0.93785
2102	40	39	41	42	0.93785
2103	35	34	36	37	0.94351
2104	35	34	36	37	0.94351
2105	35	34	36	37	0.94553
2106	30	29	31	32	0.94729
2107	30	29	31	32	0.94729
2108	19	18	20	21	0.96269
2109	19	18	20	21	0.96269
2110	36	35	37	38	0.96347
2111	31	30	32	33	0.96506
2112	31	30	32	33	0.96506
2113	6	5	7	8	0.98511
2114	6	5	7	8	0.98511
2115	43	42	44	45	0.99105
2116	43	42	44	45	0.99105
2117	46	45	47	48	1.0035
2118	46	45	47	48	1.0035
2119	8	7	9	10	1.0139
2120	8	7	9	10	1.0139
2121	41	40	42	43	1.0266
2122	30	29	31	32	1.0358
2123	37	36	38	39	1.0375
2124	37	36	38	39	1.0375
2125	28	25	52	55	1.0385
2126	28	25	52	55	1.0385
2127	50	49	52	53	1.0657
2128	50	49	52	53	1.0657
2129	44	43	45	46	1.0706
2130	42	41	43	44	1.0739
2131	42	41	43	44	1.0739
2132	7	6	8	9	1.0948
2133	7	6	8	9	1.0948
2134	29	28	30	31	1.0963
2135	29	28	30	31	1.0963
2136	27	26	28	29	1.0981
2137	27	26	28	29	1.0981
2138	26	25	27	28	1.0994
2139	26	25	27	28	1.0994
2140	33	32	34	35	1.0996
2141	37	36	38	39	1.107
2142	18	17	19	20	1.1142
2143	18	17	19	20	1.1142
2144	32	31	33	34	1.1176
2145	61	60	62	63	1.1191
2146	32	31	33	34	1.1212
2147	32	31	33	34	1.1212
2148	41	40	42	43	1.1699
2149	41	40	42	43	1.1699
2150	60	59	61	62	1.1833
2151	57	56	58	59	1.2204
2152	25	24	26	27	1.2242
2153	25	24	26	27	1.2242
2154	42	41	43	44	1.2504
2155	38	37	39	40	1.2521
2156	47	46	48	49	1.2674
2157	47	46	48	49	1.2674
2158	45	44	46	47	1.2861
2159	45	44	46	47	1.2861
2160	9	8	10	11	1.2887
2161	9	8	10	11	1.2887
2162	11	10	12	13	1.2953
2163	11	10	12	13	1.2953
2164	45	44	46	47	1.2982
2165	53	52	54	55	1.3138
2166	44	43	45	46	1.3227
2167	44	43	45	46	1.3227
2168	36	35	37	38	1.354
2169	36	35	37	38	1.354
2170	54	53	55	56	1.3582
2171	28	27	29	30	1.3626
2172	28	27	29	30	1.3626
2173	59	58	60	61	1.3674
2174	50	49	51	52	1.3685
2175	50	49	51	52	1.3685
2176	58	57	59	60	1.3703
2177	51	50	54	55	1.4091
2178	51	50	54	55	1.4091
2179	51	50	52	53	1.4685
2180	51	50	52	53	1.4685
2181	52	51	53	54	1.4897
2182	52	51	53	54	1.4897
2183	56	55	57	58	1.5454
2184	10	9	11	12	1.5766
2185	10	9	11	12	1.5766
2186	12	11	13	14	1.5866
2187	12	11	13	14	1.5866
2188	46	45	48	49	1.5917
2189	17	16	18	19	1.6054
2190	17	16	18	19	1.6054
2191	52	51	53	54	1.6756
2192	48	47	49	50	1.7033
2193	15	14	16	17	1.7467
2194	15	14	16	17	1.7467
2195	13	12	14	15	1.7689
2196	13	12	14	15	1.7689
2197	48	47	49	50	1.7828
2198	48	47	49	50	1.7828
2199	47	46	48	49	1.8028
2200	55	54	56	57	1.8378
2201	49	48	50	51	1.8431
2202	49	48	50	51	1.8595
2203	49	48	50	51	1.8595
2204	16	15	17	18	1.8852
2205	16	15	17	18	1.8852
2206	14	13	15	16	2.0238
2207	14	13	15	16	2.0238
2208	53	52	54	55	2.0699
2209	53	52	54	55	2.0699
2210	50	49	55	56	2.1657
2211	50	49	55	56	2.1657
2212	50	49	51	52	2.3516
2213	51	50	52	53	2.7831
